<?xml version="1.0"?>
<opencv_storage>
<camera_matrix_l type_id="opencv-matrix">
  <rows>3</rows>
  <cols>3</cols>
  <dt>d</dt>
  <data>
    5.3525341754574413e+02 0. 3.3549260496320278e+02 0.
    5.3486858907973317e+02 2.4107221846871914e+02 0. 0. 1.</data></camera_matrix_l>
<distortion_coeffs_l type_id="opencv-matrix">
  <rows>1</rows>
  <cols>14</cols>
  <dt>d</dt>
  <data>
    -2.7432065452809407e-01 -2.2063159448280523e-02 0. 0.
    2.3981036571549497e-01 0. 0. 1.5924421092520784e-02 0. 0. 0. 0. 0.
    0.</data></distortion_coeffs_l>
<camera_matrix_r type_id="opencv-matrix">
  <rows>3</rows>
  <cols>3</cols>
  <dt>d</dt>
  <data>
    5.3525341754574413e+02 0. 3.3472729143708068e+02 0.
    5.3486858907973317e+02 2.4188858321393329e+02 0. 0. 1.</data></camera_matrix_r>
<distortion_coeffs_r type_id="opencv-matrix">
  <rows>1</rows>
  <cols>14</cols>
  <dt>d</dt>
  <data>
    -2.8254144219423671e-01 9.5356030344058498e-02 0. 0.
    -2.8321748179256034e-02 0. 0. -1.7422233594926118e-02 0. 0. 0. 0. 0.
    0.</data></distortion_coeffs_r>
<R type_id="opencv-matrix">
  <rows>3</rows>
  <cols>3</cols>
  <dt>d</dt>
  <data>
    9.9974777470265297e-01 5.2348756960269426e-03
    -2.1839941701855974e-02 -4.8209660141838393e-03
    9.9980858674482487e-01 1.8961755140440247e-02 2.1935023678660698e-02
    -1.8851682889415314e-02 9.9958164688456208e-01</data></R>
<T type_id="opencv-matrix">
  <rows>3</rows>
  <cols>1</cols>
  <dt>d</dt>
  <data>
    -3.3388030734217575e+00 4.8324693518455315e-02
    -1.1183008058647156e-01</data></T>
<E type_id="opencv-matrix">
  <rows>3</rows>
  <cols>3</cols>
  <dt>d</dt>
  <data>
    9.9974777470265297e-01 5.2348756960269426e-03
    -2.1839941701855974e-02 -4.8209660141838393e-03
    9.9980858674482487e-01 1.8961755140440247e-02 2.1935023678660698e-02
    -1.8851682889415314e-02 9.9958164688456208e-01</data></E>
<F type_id="opencv-matrix">
  <rows>3</rows>
  <cols>1</cols>
  <dt>d</dt>
  <data>
    -3.3388030734217575e+00 4.8324693518455315e-02
    -1.1183008058647156e-01</data></F>
</opencv_storage>
