<?xml version="1.0"?>
<opencv_storage>
<cameraMatrix type_id="opencv-matrix">
  <rows>3</rows>
  <cols>3</cols>
  <dt>d</dt>
  <data>
    5.3588941492124138e+02 0. 3.4228042004268360e+02 0.
    5.3584575511934372e+02 2.3552662853901063e+02 0. 0. 1.</data></cameraMatrix>
<distCoeffs type_id="opencv-matrix">
  <rows>1</rows>
  <cols>5</cols>
  <dt>d</dt>
  <data>
    -2.6617638707896590e-01 -3.9678475944322521e-02
    1.7934287422241761e-03 -2.9854900694064246e-04
    2.3981036571549497e-01</data></distCoeffs>
</opencv_storage>
