<?xml version="1.0"?>
<opencv_storage>
<camera_matrix_l type_id="opencv-matrix">
  <rows>3</rows>
  <cols>3</cols>
  <dt>d</dt>
  <data>
    5.3662420982614378e+02 0. 3.2632425277547884e+02 0.
    5.3562380821013573e+02 2.5135651036785831e+02 0. 0. 1.</data></camera_matrix_l>
<distortion_coeffs_l type_id="opencv-matrix">
  <rows>1</rows>
  <cols>5</cols>
  <dt>d</dt>
  <data>
    -3.2664599654176607e-01 3.2836837006847247e-01
    -1.4948753776322706e-03 9.2360056475741673e-04
    -3.2814985982317718e-01</data></distortion_coeffs_l>
<camera_matrix_r type_id="opencv-matrix">
  <rows>3</rows>
  <cols>3</cols>
  <dt>d</dt>
  <data>
    5.3676430403236293e+02 0. 3.2879029633592631e+02 0.
    5.3489003406409699e+02 2.5350115842248087e+02 0. 0. 1.</data></camera_matrix_r>
<distortion_coeffs_r type_id="opencv-matrix">
  <rows>1</rows>
  <cols>5</cols>
  <dt>d</dt>
  <data>
    -3.0486187368410733e-01 2.2081101741344109e-01
    -8.9683952061180093e-04 1.4984304722545807e-03
    -1.7765339115390147e-01</data></distortion_coeffs_r>
<R type_id="opencv-matrix">
  <rows>3</rows>
  <cols>3</cols>
  <dt>d</dt>
  <data>
    9.9998976731528810e-01 -4.4139406628713313e-04
    -4.5022700934395773e-03 4.2354644176137001e-04
    9.9999205234630162e-01 -3.9643224696274655e-03
    4.5039841393709626e-03 3.9623749834876093e-03 9.9998200669380166e-01</data></R>
<T type_id="opencv-matrix">
  <rows>3</rows>
  <cols>1</cols>
  <dt>d</dt>
  <data>
    4.3905396788092306e-02 -3.5677177819547233e-02
    -1.7494243249447905e-01</data></T>
<E type_id="opencv-matrix">
  <rows>3</rows>
  <cols>3</cols>
  <dt>d</dt>
  <data>
    9.9998976731528810e-01 -4.4139406628713313e-04
    -4.5022700934395773e-03 4.2354644176137001e-04
    9.9999205234630162e-01 -3.9643224696274655e-03
    4.5039841393709626e-03 3.9623749834876093e-03 9.9998200669380166e-01</data></E>
<F type_id="opencv-matrix">
  <rows>3</rows>
  <cols>1</cols>
  <dt>d</dt>
  <data>
    4.3905396788092306e-02 -3.5677177819547233e-02
    -1.7494243249447905e-01</data></F>
</opencv_storage>
